g = 9.8;
l = 0.4195;